1 4 1 25
2 7 2 52
3 6 1 34
4 5 2 48
5 5 1 22
7 8 1 45
8 6 0 0
9 4 1 15
12 5 2 60
14 6 1 34
16 4 1 15
18 12 1 24
19 4 1 60
20 5 1 24
23 7 1 15
25 8 2 35
28 6 1 22
30 16 3 110
34 7 2 68
35 3 1 22
38 8 2 74
40 4 1 34
43 2 0 0
44 8 1 24
46 10 1 50
47 4 1 22
50 6 2 34
51 5 2 70
52 8 1 28
55 7 1 52
59 12 3 82
61 3 0 0
62 5 1 24
64 6 1 22
65 11 2 75
67 4 1 25
68 8 1 40
70 12 1 35
73 14 3 82
76 6 1 48
77 4 1 22
78 5 1 45
80 8 2 85
83 7 1 32
84 10 1 34
87 9 1 28
88 12 1 45
90 6 1 40
92 5 1 24
93 7 1 35
94 3 1 22
96 2 0 0
97 5 1 40
99 2 0 0
100 6 1 27
101 4 1 22
103 6 1 48
104 18 3 92
105 5 1 23
106 2 0 0
107 6 1 28
108 13 2 65
110 8 1 24
111 10 2 45
114 5 1 48
115 8 1 32
118 14 2 58
120 7 1 20
